accuracy_ekman = 0.525520545421043
loss_ekman = 0.22213566697695675
macro_f1_ekman = 0.6238026469293035
macro_precision_ekman = 0.5999051493925557
macro_recall_ekman = 0.6616164903355309
micro_f1_ekman = 0.6942301758716446
micro_precision_ekman = 0.6364922206506365
micro_recall_ekman = 0.7634882931795046
weighted_f1_ekman = 0.6931607440009356
weighted_precision_ekman = 0.6404215351757292
weighted_recall_ekman = 0.7634882931795046
time = 338
